{
 "cells": [
  {
   "cell_type": "markdown",
   "id": "6e8c464b-64d2-4521-b295-24754fd92e07",
   "metadata": {},
   "source": [
    "## Polynomial Terms"
   ]
  },
  {
   "cell_type": "code",
   "execution_count": 1,
   "id": "73f66539-1582-42e3-85a5-5db564eb4300",
   "metadata": {},
   "outputs": [],
   "source": [
    "import pandas as pd\n",
    "import numpy as np\n",
    "import seaborn as sns\n",
    "import statsmodels.api as sm"
   ]
  },
  {
   "cell_type": "code",
   "execution_count": 2,
   "id": "6eab3f21-c1e6-4358-9e6c-3fc8d885a398",
   "metadata": {},
   "outputs": [
    {
     "data": {
      "text/html": [
       "<div>\n",
       "<style scoped>\n",
       "    .dataframe tbody tr th:only-of-type {\n",
       "        vertical-align: middle;\n",
       "    }\n",
       "\n",
       "    .dataframe tbody tr th {\n",
       "        vertical-align: top;\n",
       "    }\n",
       "\n",
       "    .dataframe thead th {\n",
       "        text-align: right;\n",
       "    }\n",
       "</style>\n",
       "<table border=\"1\" class=\"dataframe\">\n",
       "  <thead>\n",
       "    <tr style=\"text-align: right;\">\n",
       "      <th></th>\n",
       "      <th>age</th>\n",
       "      <th>sex</th>\n",
       "      <th>bmi</th>\n",
       "      <th>children</th>\n",
       "      <th>smoker</th>\n",
       "      <th>region</th>\n",
       "      <th>charges</th>\n",
       "    </tr>\n",
       "  </thead>\n",
       "  <tbody>\n",
       "    <tr>\n",
       "      <th>0</th>\n",
       "      <td>19</td>\n",
       "      <td>female</td>\n",
       "      <td>27.900</td>\n",
       "      <td>0</td>\n",
       "      <td>yes</td>\n",
       "      <td>southwest</td>\n",
       "      <td>16884.92400</td>\n",
       "    </tr>\n",
       "    <tr>\n",
       "      <th>1</th>\n",
       "      <td>18</td>\n",
       "      <td>male</td>\n",
       "      <td>33.770</td>\n",
       "      <td>1</td>\n",
       "      <td>no</td>\n",
       "      <td>southeast</td>\n",
       "      <td>1725.55230</td>\n",
       "    </tr>\n",
       "    <tr>\n",
       "      <th>2</th>\n",
       "      <td>28</td>\n",
       "      <td>male</td>\n",
       "      <td>33.000</td>\n",
       "      <td>3</td>\n",
       "      <td>no</td>\n",
       "      <td>southeast</td>\n",
       "      <td>4449.46200</td>\n",
       "    </tr>\n",
       "    <tr>\n",
       "      <th>3</th>\n",
       "      <td>33</td>\n",
       "      <td>male</td>\n",
       "      <td>22.705</td>\n",
       "      <td>0</td>\n",
       "      <td>no</td>\n",
       "      <td>northwest</td>\n",
       "      <td>21984.47061</td>\n",
       "    </tr>\n",
       "    <tr>\n",
       "      <th>4</th>\n",
       "      <td>32</td>\n",
       "      <td>male</td>\n",
       "      <td>28.880</td>\n",
       "      <td>0</td>\n",
       "      <td>no</td>\n",
       "      <td>northwest</td>\n",
       "      <td>3866.85520</td>\n",
       "    </tr>\n",
       "  </tbody>\n",
       "</table>\n",
       "</div>"
      ],
      "text/plain": [
       "   age     sex     bmi  children smoker     region      charges\n",
       "0   19  female  27.900         0    yes  southwest  16884.92400\n",
       "1   18    male  33.770         1     no  southeast   1725.55230\n",
       "2   28    male  33.000         3     no  southeast   4449.46200\n",
       "3   33    male  22.705         0     no  northwest  21984.47061\n",
       "4   32    male  28.880         0     no  northwest   3866.85520"
      ]
     },
     "execution_count": 2,
     "metadata": {},
     "output_type": "execute_result"
    }
   ],
   "source": [
    "insurance_df = pd.read_csv('Data/insurance.csv')\n",
    "insurance_df.head()"
   ]
  },
  {
   "cell_type": "code",
   "execution_count": 18,
   "id": "df70125a-a556-4751-b38a-4a6b29424917",
   "metadata": {},
   "outputs": [
    {
     "data": {
      "text/html": [
       "<div>\n",
       "<style scoped>\n",
       "    .dataframe tbody tr th:only-of-type {\n",
       "        vertical-align: middle;\n",
       "    }\n",
       "\n",
       "    .dataframe tbody tr th {\n",
       "        vertical-align: top;\n",
       "    }\n",
       "\n",
       "    .dataframe thead th {\n",
       "        text-align: right;\n",
       "    }\n",
       "</style>\n",
       "<table border=\"1\" class=\"dataframe\">\n",
       "  <thead>\n",
       "    <tr style=\"text-align: right;\">\n",
       "      <th></th>\n",
       "      <th>age</th>\n",
       "      <th>bmi</th>\n",
       "      <th>children</th>\n",
       "      <th>charges</th>\n",
       "      <th>smoker_flag</th>\n",
       "      <th>age_sq</th>\n",
       "      <th>age_3</th>\n",
       "      <th>age_4</th>\n",
       "    </tr>\n",
       "  </thead>\n",
       "  <tbody>\n",
       "    <tr>\n",
       "      <th>age</th>\n",
       "      <td>1.000000</td>\n",
       "      <td>0.109272</td>\n",
       "      <td>0.042469</td>\n",
       "      <td>0.299008</td>\n",
       "      <td>-0.025019</td>\n",
       "      <td>0.988380</td>\n",
       "      <td>0.959865</td>\n",
       "      <td>0.923337</td>\n",
       "    </tr>\n",
       "    <tr>\n",
       "      <th>bmi</th>\n",
       "      <td>0.109272</td>\n",
       "      <td>1.000000</td>\n",
       "      <td>0.012759</td>\n",
       "      <td>0.198341</td>\n",
       "      <td>0.003750</td>\n",
       "      <td>0.112804</td>\n",
       "      <td>0.113443</td>\n",
       "      <td>0.112234</td>\n",
       "    </tr>\n",
       "    <tr>\n",
       "      <th>children</th>\n",
       "      <td>0.042469</td>\n",
       "      <td>0.012759</td>\n",
       "      <td>1.000000</td>\n",
       "      <td>0.067998</td>\n",
       "      <td>0.007673</td>\n",
       "      <td>-0.003259</td>\n",
       "      <td>-0.041494</td>\n",
       "      <td>-0.070827</td>\n",
       "    </tr>\n",
       "    <tr>\n",
       "      <th>charges</th>\n",
       "      <td>0.299008</td>\n",
       "      <td>0.198341</td>\n",
       "      <td>0.067998</td>\n",
       "      <td>1.000000</td>\n",
       "      <td>0.787251</td>\n",
       "      <td>0.300772</td>\n",
       "      <td>0.297167</td>\n",
       "      <td>0.290581</td>\n",
       "    </tr>\n",
       "    <tr>\n",
       "      <th>smoker_flag</th>\n",
       "      <td>-0.025019</td>\n",
       "      <td>0.003750</td>\n",
       "      <td>0.007673</td>\n",
       "      <td>0.787251</td>\n",
       "      <td>1.000000</td>\n",
       "      <td>-0.026120</td>\n",
       "      <td>-0.025790</td>\n",
       "      <td>-0.024248</td>\n",
       "    </tr>\n",
       "    <tr>\n",
       "      <th>age_sq</th>\n",
       "      <td>0.988380</td>\n",
       "      <td>0.112804</td>\n",
       "      <td>-0.003259</td>\n",
       "      <td>0.300772</td>\n",
       "      <td>-0.026120</td>\n",
       "      <td>1.000000</td>\n",
       "      <td>0.991134</td>\n",
       "      <td>0.969947</td>\n",
       "    </tr>\n",
       "    <tr>\n",
       "      <th>age_3</th>\n",
       "      <td>0.959865</td>\n",
       "      <td>0.113443</td>\n",
       "      <td>-0.041494</td>\n",
       "      <td>0.297167</td>\n",
       "      <td>-0.025790</td>\n",
       "      <td>0.991134</td>\n",
       "      <td>1.000000</td>\n",
       "      <td>0.993540</td>\n",
       "    </tr>\n",
       "    <tr>\n",
       "      <th>age_4</th>\n",
       "      <td>0.923337</td>\n",
       "      <td>0.112234</td>\n",
       "      <td>-0.070827</td>\n",
       "      <td>0.290581</td>\n",
       "      <td>-0.024248</td>\n",
       "      <td>0.969947</td>\n",
       "      <td>0.993540</td>\n",
       "      <td>1.000000</td>\n",
       "    </tr>\n",
       "  </tbody>\n",
       "</table>\n",
       "</div>"
      ],
      "text/plain": [
       "                  age       bmi  children   charges  smoker_flag    age_sq  \\\n",
       "age          1.000000  0.109272  0.042469  0.299008    -0.025019  0.988380   \n",
       "bmi          0.109272  1.000000  0.012759  0.198341     0.003750  0.112804   \n",
       "children     0.042469  0.012759  1.000000  0.067998     0.007673 -0.003259   \n",
       "charges      0.299008  0.198341  0.067998  1.000000     0.787251  0.300772   \n",
       "smoker_flag -0.025019  0.003750  0.007673  0.787251     1.000000 -0.026120   \n",
       "age_sq       0.988380  0.112804 -0.003259  0.300772    -0.026120  1.000000   \n",
       "age_3        0.959865  0.113443 -0.041494  0.297167    -0.025790  0.991134   \n",
       "age_4        0.923337  0.112234 -0.070827  0.290581    -0.024248  0.969947   \n",
       "\n",
       "                age_3     age_4  \n",
       "age          0.959865  0.923337  \n",
       "bmi          0.113443  0.112234  \n",
       "children    -0.041494 -0.070827  \n",
       "charges      0.297167  0.290581  \n",
       "smoker_flag -0.025790 -0.024248  \n",
       "age_sq       0.991134  0.969947  \n",
       "age_3        1.000000  0.993540  \n",
       "age_4        0.993540  1.000000  "
      ]
     },
     "execution_count": 18,
     "metadata": {},
     "output_type": "execute_result"
    }
   ],
   "source": [
    "insurance_df.corr(numeric_only=True)"
   ]
  },
  {
   "cell_type": "code",
   "execution_count": 15,
   "id": "3b101166-2865-47b9-9160-eb93cd325a59",
   "metadata": {},
   "outputs": [],
   "source": [
    "from sklearn.model_selection import train_test_split\n",
    "\n",
    "insurance_df['smoker_flag'] = np.where(insurance_df['smoker'] == 'yes', 1, 0)\n",
    "insurance_df['age_sq'] = insurance_df['age'] **2\n",
    "insurance_df['age_3']  = insurance_df['age'] **3\n",
    "insurance_df['age_4']  = insurance_df['age'] **4\n",
    "\n",
    "features = [\n",
    "    \"age\",\n",
    "    \"age_sq\",\n",
    "    #\"age_3\",\n",
    "    #\"age_4\",\n",
    "    \"bmi\",\n",
    "    \"children\",\n",
    "    \"smoker_flag\"\n",
    "]\n",
    "\n",
    "X = sm.add_constant(insurance_df[features])\n",
    "y = insurance_df[\"charges\"]\n",
    "\n",
    "X, X_test, y, y_test = train_test_split(X, y, test_size=0.2, random_state=2023)"
   ]
  },
  {
   "cell_type": "code",
   "execution_count": 16,
   "id": "eba46a1a-2b7f-4a86-b149-f78542e00cce",
   "metadata": {},
   "outputs": [
    {
     "name": "stdout",
     "output_type": "stream",
     "text": [
      "All Validation R2s:  [0.739, 0.756, 0.756, 0.775, 0.716]\n",
      "Cross Val R2s: 0.748 +- 0.02\n",
      "All Validation MAEs:  [4352.476, 3921.623, 4365.72, 3881.476, 4363.935]\n",
      "Cross Val MAEs: 4177.046 +- 225.346\n"
     ]
    }
   ],
   "source": [
    "from sklearn.model_selection import KFold\n",
    "from sklearn.metrics import r2_score as r2\n",
    "from sklearn.metrics import mean_absolute_error as mae\n",
    "\n",
    "kf = KFold(n_splits=5, shuffle=True, random_state=2023)\n",
    "\n",
    "# Create a list to store validation scores for each fold\n",
    "cv_lm_r2s = []\n",
    "cv_lm_mae = []\n",
    "\n",
    "# Loop through each fold in X and y\n",
    "for train_ind, val_ind in kf.split(X, y):\n",
    "    #Subset data based on CV folds\n",
    "    X_train, y_train = X.iloc[train_ind], y.iloc[train_ind]\n",
    "    X_val, y_val = X.iloc[val_ind], y.iloc[val_ind]\n",
    "\n",
    "    # Fit the model on fold's training data\n",
    "    model = sm.OLS(y_train, X_train).fit()\n",
    "\n",
    "    # Append Validation score to list\n",
    "    cv_lm_r2s.append(r2(y_val, model.predict(X_val),))\n",
    "    cv_lm_mae.append(mae(y_val, model.predict(X_val),))\n",
    "\n",
    "print(\"All Validation R2s: \", [round(x,3) for x in cv_lm_r2s])\n",
    "print(f\"Cross Val R2s: {round(np.mean(cv_lm_r2s), 3)} +- {round(np.std(cv_lm_r2s), 3)}\")\n",
    "\n",
    "print(\"All Validation MAEs: \", [round(x, 3) for x in cv_lm_mae])\n",
    "print(f\"Cross Val MAEs: {round(np.mean(cv_lm_mae), 3)} +- {round(np.std(cv_lm_mae), 3)}\")"
   ]
  },
  {
   "cell_type": "markdown",
   "id": "1af84f47-1285-4989-9837-0247aed0a53e",
   "metadata": {},
   "source": [
    "## Combining Features"
   ]
  },
  {
   "cell_type": "code",
   "execution_count": 17,
   "id": "32bc606b-7616-4a25-8fe3-e056f0dccfe5",
   "metadata": {},
   "outputs": [
    {
     "data": {
      "text/html": [
       "<div>\n",
       "<style scoped>\n",
       "    .dataframe tbody tr th:only-of-type {\n",
       "        vertical-align: middle;\n",
       "    }\n",
       "\n",
       "    .dataframe tbody tr th {\n",
       "        vertical-align: top;\n",
       "    }\n",
       "\n",
       "    .dataframe thead th {\n",
       "        text-align: right;\n",
       "    }\n",
       "</style>\n",
       "<table border=\"1\" class=\"dataframe\">\n",
       "  <thead>\n",
       "    <tr style=\"text-align: right;\">\n",
       "      <th></th>\n",
       "      <th>age</th>\n",
       "      <th>bmi</th>\n",
       "      <th>children</th>\n",
       "      <th>charges</th>\n",
       "      <th>smoker_flag</th>\n",
       "      <th>age_sq</th>\n",
       "      <th>age_3</th>\n",
       "      <th>age_4</th>\n",
       "    </tr>\n",
       "  </thead>\n",
       "  <tbody>\n",
       "    <tr>\n",
       "      <th>age</th>\n",
       "      <td>1.000000</td>\n",
       "      <td>0.109272</td>\n",
       "      <td>0.042469</td>\n",
       "      <td>0.299008</td>\n",
       "      <td>-0.025019</td>\n",
       "      <td>0.988380</td>\n",
       "      <td>0.959865</td>\n",
       "      <td>0.923337</td>\n",
       "    </tr>\n",
       "    <tr>\n",
       "      <th>bmi</th>\n",
       "      <td>0.109272</td>\n",
       "      <td>1.000000</td>\n",
       "      <td>0.012759</td>\n",
       "      <td>0.198341</td>\n",
       "      <td>0.003750</td>\n",
       "      <td>0.112804</td>\n",
       "      <td>0.113443</td>\n",
       "      <td>0.112234</td>\n",
       "    </tr>\n",
       "    <tr>\n",
       "      <th>children</th>\n",
       "      <td>0.042469</td>\n",
       "      <td>0.012759</td>\n",
       "      <td>1.000000</td>\n",
       "      <td>0.067998</td>\n",
       "      <td>0.007673</td>\n",
       "      <td>-0.003259</td>\n",
       "      <td>-0.041494</td>\n",
       "      <td>-0.070827</td>\n",
       "    </tr>\n",
       "    <tr>\n",
       "      <th>charges</th>\n",
       "      <td>0.299008</td>\n",
       "      <td>0.198341</td>\n",
       "      <td>0.067998</td>\n",
       "      <td>1.000000</td>\n",
       "      <td>0.787251</td>\n",
       "      <td>0.300772</td>\n",
       "      <td>0.297167</td>\n",
       "      <td>0.290581</td>\n",
       "    </tr>\n",
       "    <tr>\n",
       "      <th>smoker_flag</th>\n",
       "      <td>-0.025019</td>\n",
       "      <td>0.003750</td>\n",
       "      <td>0.007673</td>\n",
       "      <td>0.787251</td>\n",
       "      <td>1.000000</td>\n",
       "      <td>-0.026120</td>\n",
       "      <td>-0.025790</td>\n",
       "      <td>-0.024248</td>\n",
       "    </tr>\n",
       "    <tr>\n",
       "      <th>age_sq</th>\n",
       "      <td>0.988380</td>\n",
       "      <td>0.112804</td>\n",
       "      <td>-0.003259</td>\n",
       "      <td>0.300772</td>\n",
       "      <td>-0.026120</td>\n",
       "      <td>1.000000</td>\n",
       "      <td>0.991134</td>\n",
       "      <td>0.969947</td>\n",
       "    </tr>\n",
       "    <tr>\n",
       "      <th>age_3</th>\n",
       "      <td>0.959865</td>\n",
       "      <td>0.113443</td>\n",
       "      <td>-0.041494</td>\n",
       "      <td>0.297167</td>\n",
       "      <td>-0.025790</td>\n",
       "      <td>0.991134</td>\n",
       "      <td>1.000000</td>\n",
       "      <td>0.993540</td>\n",
       "    </tr>\n",
       "    <tr>\n",
       "      <th>age_4</th>\n",
       "      <td>0.923337</td>\n",
       "      <td>0.112234</td>\n",
       "      <td>-0.070827</td>\n",
       "      <td>0.290581</td>\n",
       "      <td>-0.024248</td>\n",
       "      <td>0.969947</td>\n",
       "      <td>0.993540</td>\n",
       "      <td>1.000000</td>\n",
       "    </tr>\n",
       "  </tbody>\n",
       "</table>\n",
       "</div>"
      ],
      "text/plain": [
       "                  age       bmi  children   charges  smoker_flag    age_sq  \\\n",
       "age          1.000000  0.109272  0.042469  0.299008    -0.025019  0.988380   \n",
       "bmi          0.109272  1.000000  0.012759  0.198341     0.003750  0.112804   \n",
       "children     0.042469  0.012759  1.000000  0.067998     0.007673 -0.003259   \n",
       "charges      0.299008  0.198341  0.067998  1.000000     0.787251  0.300772   \n",
       "smoker_flag -0.025019  0.003750  0.007673  0.787251     1.000000 -0.026120   \n",
       "age_sq       0.988380  0.112804 -0.003259  0.300772    -0.026120  1.000000   \n",
       "age_3        0.959865  0.113443 -0.041494  0.297167    -0.025790  0.991134   \n",
       "age_4        0.923337  0.112234 -0.070827  0.290581    -0.024248  0.969947   \n",
       "\n",
       "                age_3     age_4  \n",
       "age          0.959865  0.923337  \n",
       "bmi          0.113443  0.112234  \n",
       "children    -0.041494 -0.070827  \n",
       "charges      0.297167  0.290581  \n",
       "smoker_flag -0.025790 -0.024248  \n",
       "age_sq       0.991134  0.969947  \n",
       "age_3        1.000000  0.993540  \n",
       "age_4        0.993540  1.000000  "
      ]
     },
     "execution_count": 17,
     "metadata": {},
     "output_type": "execute_result"
    }
   ],
   "source": [
    "insurance_df.corr(numeric_only=True)"
   ]
  },
  {
   "cell_type": "code",
   "execution_count": 20,
   "id": "7c368c4e-bf7d-4958-931e-66534807c73f",
   "metadata": {},
   "outputs": [],
   "source": [
    "from sklearn.model_selection import train_test_split\n",
    "\n",
    "insurance_df = insurance_df.assign(\n",
    "    smoker_flag = np.where(insurance_df[\"smoker\"] == 'yes', 1, 0),\n",
    "    age_sq = insurance_df[\"age\"] **2,\n",
    "    age_bmi_sum = insurance_df[\"age\"] + insurance_df[\"bmi\"]\n",
    ")\n",
    "\n",
    "features = [\n",
    "    #\"age\",\n",
    "    #\"age_sq\",\n",
    "    #\"bmi\",\n",
    "    \"children\",\n",
    "    \"smoker_flag\",\n",
    "    \"age_bmi_sum\"\n",
    "]\n",
    "\n",
    "X = sm.add_constant(insurance_df[features])\n",
    "y = insurance_df[\"charges\"]\n",
    "\n",
    "X, X_test, y, y_test = train_test_split(X, y, test_size=0.2, random_state=2023)"
   ]
  },
  {
   "cell_type": "code",
   "execution_count": 21,
   "id": "0324a7c5-d201-47a3-a506-a8e6e05709f6",
   "metadata": {},
   "outputs": [
    {
     "name": "stdout",
     "output_type": "stream",
     "text": [
      "All Validation R2s:  [0.737, 0.751, 0.755, 0.771, 0.713]\n",
      "Cross Val R2s: 0.746 +- 0.02\n",
      "All Validation MAEs:  [4262.086, 3934.033, 4373.104, 3863.039, 4358.212]\n",
      "Cross Val MAEs: 4158.095 +- 216.496\n"
     ]
    }
   ],
   "source": [
    "from sklearn.model_selection import KFold\n",
    "from sklearn.metrics import r2_score as r2\n",
    "from sklearn.metrics import mean_absolute_error as mae\n",
    "\n",
    "kf = KFold(n_splits=5, shuffle=True, random_state=2023)\n",
    "\n",
    "# Create a list to store validation scores for each fold\n",
    "cv_lm_r2s = []\n",
    "cv_lm_mae = []\n",
    "\n",
    "# Loop through each fold in X and y\n",
    "for train_ind, val_ind in kf.split(X, y):\n",
    "    #Subset data based on CV folds\n",
    "    X_train, y_train = X.iloc[train_ind], y.iloc[train_ind]\n",
    "    X_val, y_val = X.iloc[val_ind], y.iloc[val_ind]\n",
    "\n",
    "    # Fit the model on fold's training data\n",
    "    model = sm.OLS(y_train, X_train).fit()\n",
    "\n",
    "    # Append Validation score to list\n",
    "    cv_lm_r2s.append(r2(y_val, model.predict(X_val),))\n",
    "    cv_lm_mae.append(mae(y_val, model.predict(X_val),))\n",
    "\n",
    "print(\"All Validation R2s: \", [round(x,3) for x in cv_lm_r2s])\n",
    "print(f\"Cross Val R2s: {round(np.mean(cv_lm_r2s), 3)} +- {round(np.std(cv_lm_r2s), 3)}\")\n",
    "\n",
    "print(\"All Validation MAEs: \", [round(x, 3) for x in cv_lm_mae])\n",
    "print(f\"Cross Val MAEs: {round(np.mean(cv_lm_mae), 3)} +- {round(np.std(cv_lm_mae), 3)}\")"
   ]
  },
  {
   "cell_type": "markdown",
   "id": "8b2182b5-7632-4896-acb9-e40129256851",
   "metadata": {},
   "source": [
    "## Interaction Terms"
   ]
  },
  {
   "cell_type": "code",
   "execution_count": 23,
   "id": "e2d0a4ba-98c3-4daf-9fc8-bb5425afcdf8",
   "metadata": {},
   "outputs": [
    {
     "data": {
      "text/html": [
       "<div>\n",
       "<style scoped>\n",
       "    .dataframe tbody tr th:only-of-type {\n",
       "        vertical-align: middle;\n",
       "    }\n",
       "\n",
       "    .dataframe tbody tr th {\n",
       "        vertical-align: top;\n",
       "    }\n",
       "\n",
       "    .dataframe thead th {\n",
       "        text-align: right;\n",
       "    }\n",
       "</style>\n",
       "<table border=\"1\" class=\"dataframe\">\n",
       "  <thead>\n",
       "    <tr style=\"text-align: right;\">\n",
       "      <th></th>\n",
       "      <th>age</th>\n",
       "      <th>sex</th>\n",
       "      <th>bmi</th>\n",
       "      <th>children</th>\n",
       "      <th>smoker</th>\n",
       "      <th>region</th>\n",
       "      <th>charges</th>\n",
       "    </tr>\n",
       "  </thead>\n",
       "  <tbody>\n",
       "    <tr>\n",
       "      <th>0</th>\n",
       "      <td>19</td>\n",
       "      <td>female</td>\n",
       "      <td>27.900</td>\n",
       "      <td>0</td>\n",
       "      <td>yes</td>\n",
       "      <td>southwest</td>\n",
       "      <td>16884.92400</td>\n",
       "    </tr>\n",
       "    <tr>\n",
       "      <th>1</th>\n",
       "      <td>18</td>\n",
       "      <td>male</td>\n",
       "      <td>33.770</td>\n",
       "      <td>1</td>\n",
       "      <td>no</td>\n",
       "      <td>southeast</td>\n",
       "      <td>1725.55230</td>\n",
       "    </tr>\n",
       "    <tr>\n",
       "      <th>2</th>\n",
       "      <td>28</td>\n",
       "      <td>male</td>\n",
       "      <td>33.000</td>\n",
       "      <td>3</td>\n",
       "      <td>no</td>\n",
       "      <td>southeast</td>\n",
       "      <td>4449.46200</td>\n",
       "    </tr>\n",
       "    <tr>\n",
       "      <th>3</th>\n",
       "      <td>33</td>\n",
       "      <td>male</td>\n",
       "      <td>22.705</td>\n",
       "      <td>0</td>\n",
       "      <td>no</td>\n",
       "      <td>northwest</td>\n",
       "      <td>21984.47061</td>\n",
       "    </tr>\n",
       "    <tr>\n",
       "      <th>4</th>\n",
       "      <td>32</td>\n",
       "      <td>male</td>\n",
       "      <td>28.880</td>\n",
       "      <td>0</td>\n",
       "      <td>no</td>\n",
       "      <td>northwest</td>\n",
       "      <td>3866.85520</td>\n",
       "    </tr>\n",
       "  </tbody>\n",
       "</table>\n",
       "</div>"
      ],
      "text/plain": [
       "   age     sex     bmi  children smoker     region      charges\n",
       "0   19  female  27.900         0    yes  southwest  16884.92400\n",
       "1   18    male  33.770         1     no  southeast   1725.55230\n",
       "2   28    male  33.000         3     no  southeast   4449.46200\n",
       "3   33    male  22.705         0     no  northwest  21984.47061\n",
       "4   32    male  28.880         0     no  northwest   3866.85520"
      ]
     },
     "execution_count": 23,
     "metadata": {},
     "output_type": "execute_result"
    }
   ],
   "source": [
    "insurance_df = pd.read_csv('Data/insurance.csv')\n",
    "insurance_df.head()"
   ]
  },
  {
   "cell_type": "code",
   "execution_count": 24,
   "id": "a6789f27-6811-4577-9036-b83e0aef00de",
   "metadata": {},
   "outputs": [
    {
     "data": {
      "text/html": [
       "<div>\n",
       "<style scoped>\n",
       "    .dataframe tbody tr th:only-of-type {\n",
       "        vertical-align: middle;\n",
       "    }\n",
       "\n",
       "    .dataframe tbody tr th {\n",
       "        vertical-align: top;\n",
       "    }\n",
       "\n",
       "    .dataframe thead th {\n",
       "        text-align: right;\n",
       "    }\n",
       "</style>\n",
       "<table border=\"1\" class=\"dataframe\">\n",
       "  <thead>\n",
       "    <tr style=\"text-align: right;\">\n",
       "      <th></th>\n",
       "      <th>age</th>\n",
       "      <th>bmi</th>\n",
       "      <th>children</th>\n",
       "      <th>charges</th>\n",
       "    </tr>\n",
       "  </thead>\n",
       "  <tbody>\n",
       "    <tr>\n",
       "      <th>age</th>\n",
       "      <td>1.000000</td>\n",
       "      <td>0.109272</td>\n",
       "      <td>0.042469</td>\n",
       "      <td>0.299008</td>\n",
       "    </tr>\n",
       "    <tr>\n",
       "      <th>bmi</th>\n",
       "      <td>0.109272</td>\n",
       "      <td>1.000000</td>\n",
       "      <td>0.012759</td>\n",
       "      <td>0.198341</td>\n",
       "    </tr>\n",
       "    <tr>\n",
       "      <th>children</th>\n",
       "      <td>0.042469</td>\n",
       "      <td>0.012759</td>\n",
       "      <td>1.000000</td>\n",
       "      <td>0.067998</td>\n",
       "    </tr>\n",
       "    <tr>\n",
       "      <th>charges</th>\n",
       "      <td>0.299008</td>\n",
       "      <td>0.198341</td>\n",
       "      <td>0.067998</td>\n",
       "      <td>1.000000</td>\n",
       "    </tr>\n",
       "  </tbody>\n",
       "</table>\n",
       "</div>"
      ],
      "text/plain": [
       "               age       bmi  children   charges\n",
       "age       1.000000  0.109272  0.042469  0.299008\n",
       "bmi       0.109272  1.000000  0.012759  0.198341\n",
       "children  0.042469  0.012759  1.000000  0.067998\n",
       "charges   0.299008  0.198341  0.067998  1.000000"
      ]
     },
     "execution_count": 24,
     "metadata": {},
     "output_type": "execute_result"
    }
   ],
   "source": [
    "insurance_df.corr(numeric_only=True)"
   ]
  },
  {
   "cell_type": "code",
   "execution_count": 25,
   "id": "2d8853db-171e-465d-bf29-2e1bff7e42b2",
   "metadata": {},
   "outputs": [
    {
     "data": {
